92
Accelerating
2(-3) # 1
2(3)
4 # 2
4(-10)
2(10)
2(3) # 3
2(-3)
4(-12,12) # 4
4(-12,12)
2
4(0) # d
4(6)
4(8)
4(6)
4(0) # beat
4(-6)
2(-8)
4(0) # d
4(6)
4(8)
4(6)
4(0) # beat
4(-6)
2(-8)
4(-12) # d
4(-12)
4(-12)
4(-12)
4(12) # beat
4(12)
2(12)
4(-9) # d
4(-9)
4(-9)
4(-9)
4(9) # beat
4(9)
2(9)
4(3) # d 0:08
4(3)
4(-3)
4(-3)
4(6) # u
4(6)
4(-6)
4(-6)
4(9) # d
4(9)
4(-9)
4(-9)
4(12) # u
4(12)
4(-12)
4(-12)
2(15) # d 0:12
4(10)
4(15)
4 # u
4(-15)
4(-11)
4(-7)
2(15) # d 
4(10)
4(15)
4 # u
4(-7)
4(-11)
4(-15)
4(0) # d
4
4(-5)
4(-5,5)
1 # u
4(0) # d
4
4(5)
4(-5,5)
1

