63.5
DemoStage
1
1
1
1
1
1
1
1
2
4(-15,15)
4(15)
4
4(-15)
4(-11)
4
4(11)
4(15)
4
4(-11)
4(-15)
4
4(11)
4(15)
4
4(15)
4(11)
4(7)
4
4(-7)
4(-11)
4
4(7)
4(11)
4
4(-7)
4(-11)
4
4(7)
4(11)
4
4(-15)
4(-11)
4(-7)
4
4(-15)
4(-11)
4
4(11)
4(15)
4
4(-11)
4(-15)
4
4(11)
4(15)
4
4(15)
4(11)
4(7)
4
4(-7)
4(-11)
4
4(7)
4(11)
4
4(-7)
4(-11)
4
4(7)
4(11)
2(-7,7)
4(-10,10)
8(14)
8(14)
4(-10)
8(14)
8(14)
4(-14)
8(7)
8(7)
4(-14)
8(7)
8(7)
4(10)
8(-10)
8(-10)
4(10)
8(-10)
8(-10)
4(14)
8(-7)
8(-7)
4(14)
8(-7)
8(-7)
4(-10)
8(10)
8(10)
4(-10)
8(10)
8(10)
4(-14)
8(7)
8(7)
4(-14)
8(7)
8(7)
4(10)
8(-10)
8(-10)
4(10)
8(-10)
8(-10)
4(14)
8(-7)
8(-7)
4(14)
8(-7)
8(-7)
4(11)
4(15)
4
4(-15)
4(-11)
4
4(11)
4(15)
4
4(-11)
4(-15)
4
4(11)
4(15)
4
4(15)
4(11)
4(7)
4
4(-7)
4(-11)
4
4(7)
4(11)
4
4(-7)
4(-11)
4
4(7)
4(11)
4(-15,15)
8(-15,15)
8(-15,15)
4(-11,11) # 1
8(3)
8(-3)
8(3)
8
4(-11)
8(7)
8(-7)
8(7)
8
4(-14)
8(3)
8(-3)
8(3)
8
4(-11)
8(7)
8(-7)
8(7)
8
4(-14)
8(3)
8(-3)
8(3)
8
4
4(-11,11) # 2
8(-3)
8(3)
8(-3)
8
4(11)
8(-7)
8(7)
8(-7)
8
4(14)
8(-3)
8(3)
8(-3)
8
4(11)
8(-7)
8(7)
8(-7)
8
4(14)
8(-3)
8(3)
8(-3)
8
4
4(-15) # 3
4(-15)
4(0)
4(15)
4(15)
4
4(-15)
4(-15)
4(0)
4(15)
4(15)
4
4(-15)
4(-15)
4(0)
4(-15)
4(3,7) # 4
4(3)
4
4(-3,-7)
4(-3)
4
4(6,10)
4(6)
4
4(-6,-10)
4(-6)
4
8(11)
8(-11)
8(11)
8(-11)
8(11)
8(-11)
8(11)
8(-11)
