92
Destructive
1 # intro
1
1
2
4(-10)
4(-7)

2(3) # A part # d
2(-3)
4
4(-10)
2(10)

2(3) # d
2(-3)
4
4(-10)
4(10)
4(10)

2(3) # d
2(-3)
4
4(-10)
2(10)

4(5) # d
4(5)
4(-5)
4(5)
4
4(2)
4(-2)
8(12)
8(-12)

4(12) # d
4(5)
4
4(-8)
4
4(8)
4
4
4(12)
4
4(-11)
4(-8)
4
4(8)
4
4

4(2) # d
4
4
4(5)
4
4
4(10)
4
4(-2)
4
4
4(-5)
4
4
4(-10)
4

2(-4,4) # d
2(-4)
4
4(-10)
2(10)

2(3) # d
2(-3)
4
4(-10)
4(10)
4(10)

2(3) # d
2(-3)
4
4(-10)
2(10)

4(5) # d
8
8(5)
4(-5)
4(5)
4
4(2)
2(-2)

4(-5,5) # d
4
4
4(-7,7)
4
4
4(-11,11)
4
4(-11,-7)
4
4
4(-5,5)
4
4
4(7,11)
4

4(0) # d
4
4(4)
4(8)
4
4(13)
4
4(0)
4
4(-4)
4
4(-8)
8(2)
8(-2)
8(2)
8(-2)
8(2)
8(-2)
8(2)
8(-2)

2(-3) # B part
2(3)
4
4(10)
2(-10)
2(-3) # d
2(3)
4
4(10)
4(-10)
4(-10)
2(-3) # d
2(3)
4
4(10)
2(-10)
4(-5) # d
4(-5)
4(5)
4(-5)
4
4(-2)
4(2)
8(-12)
8(12)
4(-12) # d
4(-5)
4
4(8)
4
4(-8)
4
4
4(-12)
4
4(11)
4(8)
4
4(-8)
4
4
4(-2) # d
4
4
4(-5)
4
4
4(-10)
4
4(2)
4
4
4(5)
4
4
4(10)
4
2(4,-4) # d
2(4)
4
4(10)
2(-10)
2(-3) # d
2(3)
4
4(10)
4(-10)
4(-10)
2(-3) # d
2(3)
4
4(10)
2(-10)
4(-5) # d
8
8(-5)
4(5)
4(-5)
4
4(-2)
2(2)
4(5,-5) # d
4
4
4(7,-7)
4
4
4(11,-11)
4
4(11,7)
4
4
4(5,-5)
4
4
4(-7,-11)
4

4(0) # d
4
4(-4)
4(0)
4
4(4)
4
4
8(10)
8(-10)
8(10)
8(-10)
8(10)
8(-10)
8(10)
8(-10)
8(5)
8(-5)
8(5)
8(-5)
2(5)

1 # C part
1
1
4(-12,12) # 4
4(-12,12)
2

4(0) # d circle start
4(6)
4(8)
4(6)
4(0)
4(-6)
2(-8)
4(0) # d
4(6)
4(8)
4(6)
4(0) # beat
4(-6)
2(-8)
4(-12) # d
4(-12)
4(-12)
4(-12)
4(12) # beat
4(12)
2(12)
4(-9) # d
4(-9)
4(-9)
4(-9)
4(9) # beat
4(9)
2(9)

4(3) # d
4(3)
4(-3)
4(-3)
4(6) # u
4(6)
4(-6)
4(-6)
4(9) # d
4(9)
4(-9)
4(-9)
4(12) # u
4(12)
4(-12)
4(-12)
2(15) # d
4(10)
4(15)
4 # u
4(-15)
4(-11)
4(-7)
2(15) # d 
4(10)
4(15)
4 # u
4(-7)
4(-11)
4(-15)

4(0) # d
4
4(-5)
4(-5,5)
1 # u

4(0) # d
4
4(5)
4(-5,5)
4
4(13)
4(10)
4(7)

4(-3,3) # d
4
4(-3)
4(-3,3)
4
4(-7)
4(-10)
4(-13)

4(0) # d circle start
4(6)
4(8)
4(6)
4(0)
4(-6)
4(-8)
4(-6)

4(12) # d
4(9)
4(9)
4(12)
4(-12)
4(-9)
4(-9)
4(-12)

4(-3) # d
4(-3)
4(3)
4(3)
4(-6) # u
4(-6)
4(6)
4(6)
4(-9) # d
4(-9)
4(9)
4(9)
4(-12) # u
4(-12)
4(12)
4(12)

2(-15) # d
4(-10)
4(-15)
4 # u
8(-4)
8(4)
8(-4)
8(4)
8(-4)
8(4)
