98
Ephemeral
1 # intro
1
1
1

2 # d
2(-2)
4
2(-2)
4(8)
4(5)
4(3)
2(0)
2(-5)
2(-8)

2 # d
2(13)
4
2(13)
4(9)
2(6)
4(3)
2(0)
4(-3)
2(-6)

2 # d
2(10)
4
2(10)
4(-5)
2(-8)
2(-12)
2(-3)
2(-7)

1(0) # d
4
4(-13)
4(-9)
4(-6)
2(-3)
4(0)
2(7)
4(3)
2(10)

2 # d
2(-10)
4
4(-10)
4(-7)
4(-4)
2(-1)
4(7)
2(4)
4
4(4)
4(7)

2 # d
2(-14)
4
2(-10)
4
2(-14)
2(-4)
4
2(-0)
4
2(-4)
2(3)
2(3)
2(6)
2(12)
2(9)
4(-5,5)
4(-5,5)
2

2(-12,12) # A part
2(0)
4
2(0)
4(0)
4(10)
4(7)
2(4)
2(-7)
4(-3)
4(0)

2 # d
2(2)
4
2(2)
4(-8)
4(-5)
4(-3)
2(0)
2(5)
2(8)
2 # d
2(-13)
4
2(-13)
4(-9)
2(-6)
4(-3)
2(0)
4(3)
2(6)
2 # d
2(-10)
4
2(-10)
4(5)
2(8)
2(12)
2(3)
2(7)
1(0) # d
4
4(13)
4(9)
4(6)
2(3)
4(0)
2(-7)
4(-3)
2(-10)

2 # d
2(10)
4
4(10)
4(7)
4(4)
2(1)
4(-7)
2(-4)
4
4(-4)
4(-7)

2 # d
2(14)
4
2(10)
4
2(14)
2(4)
4
2(0)
4
2(4)
2(-3)
2(-3)
2(-6)
2(-12)
2(-9)
2(5,-5)
2(10,-10)

1(-7,7) # A part bells
1(-3,3)
2(-10)
2(10)
4
4(-10)
2(10)
2(7)
2(-7)
4
4(7)
2(-7)

2(3)
2(-3)
1(-10,10)
1(-14,14)
1(-6,6)
2(-10)
2(10)
4
4(-10)
2(10)

2(7) # d
2(-7)
4
4(7)
2(-7)
2(3)
2(-3)
1(-10,10)

1(-15,15)
4
4(-13)
4(-9)
4(-6)
2(-3)
4(0)
2(7)
4(3)
2(10)

2 # d
2(-10)
4
4(10)
4(7)
4(4)
2(1)
2(-7)
1(-4,4)
2(-10,10) # d
2
4
4(-10)
2(10)

2(-7)
2(7)
4
4(-10)
2(10)

1(-7,7)
1(-2,2)
2(-10)
2(10)
4(0)
4(0)
2(0)

1(-5,5)
