50
Silent
1
1
1(15) # d
1(10)
3(5)
6
3(0)
6(-9)
3(-6)
6
3(-3)
6
1(0)
3(4)
6
3(12)
6
1(7)
3(10)
6
3(5)
6(0)

1(-7)
1(-10)
3(-7)
6
3(-2)
6(-5)
3(-8)
3(-11)
3(0)

1(15,-15)
1(10,-10)
3(-5,5)
3
6
6(-2)
3(-2,2)
3
6
6(2)

1(-2,2) # d
1(-10)
3(-5)
6
3(0)
6(9)
3(6)
6
3(3)
6
1(0)
3(-4)
6
3(-12)
6
1(-7)
3(0)
6
3(-4)
6(4)

1(7)
1(10)
3(7)
6
3(2)
6(5)
3(8)
3(11)
3(0)
1(-2,2)
3(-6,6)
6
3(9)
6
3(-9)
3
6
6(12)
3(12)
3
6
6(-5)

3(-5,5) # move to drums
3(5)
6(5)
6(5)

3(5)
6
6(5)
3(5)

3(-8)
3(-8)
6(-8)
6(-8)

3(-8)
3(-8)
6
6(-8)

3(11)
3(11)
6(11)
6(11)

3(11)
3(11)
3(11)

3(-14)
3(-14)
6(-14)
6(-14)

3(-14) 
6
6(-14)
3(-14)

3(-10,10) # back to melody
3(7)
3(4)
3(0)
3
6
6(-4)
3(-7)
3
6(4)
6(7)
3(4)
3(0)
3(-4)
3(-7)
6
3(7,-7)
6
1
1
1

3(15,-15) # C part
6
3(9)
6
3(9)
6
3(12)
6
3(0)
3
3(-4)
3(-12)
6
3(-8)
6

3(-1)
3
3(6)
3
3(10)
3(14)
3(0)
3
3(0)
3(-9)
3(-6)
3(-3)

3(5) 
3
1(11)
3(5)
1(0)
3(-5)
3
3(-11)

3(4)
6
1(0)
6
3(4)
1(7)
1(-7)

3(-12,12) # trumpet
6
3(-9)
6
3(-9)
3
3(-12)
3(0)
3
3(4)
3(12,12)
6
3(8)
6
3(1)
3
3(-6)
3
3(-10)
3(-14)
3(0)
3
3(6,-6)
3(9)
3(6)
3(3)

3(-5)
3
1(-11)
3(-5)
1(0)
3(5)
3
3(11)
3(-4)
6
1(0)
6
3(-4)
1(-7)
1(11,-11)
